3   1   1
3.701586212050E+00 -6.411335387870E+00 0.000000000000E+00
3.701586212050E+00 6.411335387870E+00 0.000000000000E+00
0.000000000000E+00 0.000000000000E+00 8.685038000000E+00
36
1.000000000000E+00 -0.000000000000E+00 0.000000000000E+00
0.000000000000E+00 1.000000000000E+00 0.000000000000E+00
0.000000000000E+00 0.000000000000E+00 1.000000000000E+00
0.000000000000E+00 0.000000000000E+00 0.000000000000E+00
-5.000000000000E-01 8.660254037840E-01 0.000000000000E+00
-8.660254037850E-01 -5.000000000000E-01 0.000000000000E+00
0.000000000000E+00 0.000000000000E+00 -1.000000000000E+00
1.232593969891E+00 2.134915380956E+00 5.211022800000E+00
-5.000000000000E-01 -8.660254037840E-01 0.000000000000E+00
8.660254037850E-01 -5.000000000000E-01 0.000000000000E+00
0.000000000000E+00 0.000000000000E+00 1.000000000000E+00
2.466456040575E+00 2.196415001000E-03 0.000000000000E+00
1.000000000000E+00 -0.000000000000E+00 0.000000000000E+00
0.000000000000E+00 1.000000000000E+00 0.000000000000E+00
0.000000000000E+00 0.000000000000E+00 -1.000000000000E+00
0.000000000000E+00 0.000000000000E+00 5.211022800000E+00
-5.000000000000E-01 8.660254037840E-01 0.000000000000E+00
-8.660254037850E-01 -5.000000000000E-01 0.000000000000E+00
0.000000000000E+00 0.000000000000E+00 1.000000000000E+00
1.232593969891E+00 2.134915380956E+00 0.000000000000E+00
-5.000000000000E-01 -8.660254037840E-01 0.000000000000E+00
8.660254037850E-01 -5.000000000000E-01 0.000000000000E+00
0.000000000000E+00 0.000000000000E+00 -1.000000000000E+00
2.466456040575E+00 2.196415001000E-03 5.211022800000E+00
-1.000000000000E+00 0.000000000000E+00 0.000000000000E+00
-0.000000000000E+00 1.000000000000E+00 0.000000000000E+00
0.000000000000E+00 0.000000000000E+00 1.000000000000E+00
2.465187939783E+00 -0.000000000000E+00 0.000000000000E+00
5.000000000000E-01 -8.660254037840E-01 0.000000000000E+00
-8.660254037850E-01 -5.000000000000E-01 0.000000000000E+00
0.000000000000E+00 0.000000000000E+00 -1.000000000000E+00
1.233862070683E+00 2.137111795957E+00 5.211022800000E+00
5.000000000000E-01 8.660254037840E-01 0.000000000000E+00
8.660254037850E-01 -5.000000000000E-01 0.000000000000E+00
0.000000000000E+00 0.000000000000E+00 1.000000000000E+00
0.000000000000E+00 0.000000000000E+00 0.000000000000E+00
-1.000000000000E+00 0.000000000000E+00 0.000000000000E+00
-0.000000000000E+00 1.000000000000E+00 0.000000000000E+00
0.000000000000E+00 0.000000000000E+00 -1.000000000000E+00
2.465187939783E+00 -0.000000000000E+00 5.211022800000E+00
5.000000000000E-01 -8.660254037840E-01 0.000000000000E+00
-8.660254037850E-01 -5.000000000000E-01 0.000000000000E+00
0.000000000000E+00 0.000000000000E+00 1.000000000000E+00
1.233862070683E+00 2.137111795957E+00 0.000000000000E+00
5.000000000000E-01 8.660254037840E-01 0.000000000000E+00
8.660254037850E-01 -5.000000000000E-01 0.000000000000E+00
0.000000000000E+00 0.000000000000E+00 -1.000000000000E+00
0.000000000000E+00 0.000000000000E+00 5.211022800000E+00
1.000000000000E+00 -0.000000000000E+00 0.000000000000E+00
0.000000000000E+00 1.000000000000E+00 0.000000000000E+00
0.000000000000E+00 0.000000000000E+00 1.000000000000E+00
3.701586212050E+00 2.137111795957E+00 0.000000000000E+00
-5.000000000000E-01 8.660254037840E-01 0.000000000000E+00
-8.660254037850E-01 -5.000000000000E-01 0.000000000000E+00
0.000000000000E+00 0.000000000000E+00 -1.000000000000E+00
1.232628208613E+00 -2.134974684161E+00 5.211022800000E+00
-5.000000000000E-01 -8.660254037840E-01 0.000000000000E+00
8.660254037850E-01 -5.000000000000E-01 0.000000000000E+00
0.000000000000E+00 0.000000000000E+00 1.000000000000E+00
2.466457342526E+00 -4.272029431959E+00 0.000000000000E+00
1.000000000000E+00 -0.000000000000E+00 0.000000000000E+00
0.000000000000E+00 1.000000000000E+00 0.000000000000E+00
0.000000000000E+00 0.000000000000E+00 -1.000000000000E+00
3.701586212050E+00 2.137111795957E+00 5.211022800000E+00
-5.000000000000E-01 8.660254037840E-01 0.000000000000E+00
-8.660254037850E-01 -5.000000000000E-01 0.000000000000E+00
0.000000000000E+00 0.000000000000E+00 1.000000000000E+00
1.232628208613E+00 -2.134974684161E+00 0.000000000000E+00
-5.000000000000E-01 -8.660254037840E-01 0.000000000000E+00
8.660254037850E-01 -5.000000000000E-01 0.000000000000E+00
0.000000000000E+00 0.000000000000E+00 -1.000000000000E+00
2.466457342526E+00 -4.272029431959E+00 5.211022800000E+00
-1.000000000000E+00 0.000000000000E+00 0.000000000000E+00
-0.000000000000E+00 1.000000000000E+00 0.000000000000E+00
0.000000000000E+00 0.000000000000E+00 1.000000000000E+00
2.466457342526E+00 -4.272029431959E+00 0.000000000000E+00
5.000000000000E-01 -8.660254037840E-01 0.000000000000E+00
-8.660254037850E-01 -5.000000000000E-01 0.000000000000E+00
0.000000000000E+00 0.000000000000E+00 -1.000000000000E+00
1.233862070683E+00 -2.137111795957E+00 5.211022800000E+00
5.000000000000E-01 8.660254037840E-01 0.000000000000E+00
8.660254037850E-01 -5.000000000000E-01 0.000000000000E+00
0.000000000000E+00 0.000000000000E+00 1.000000000000E+00
3.700352349979E+00 2.139248907753E+00 0.000000000000E+00
-1.000000000000E+00 0.000000000000E+00 0.000000000000E+00
-0.000000000000E+00 1.000000000000E+00 0.000000000000E+00
0.000000000000E+00 0.000000000000E+00 -1.000000000000E+00
2.466457342526E+00 -4.272029431959E+00 5.211022800000E+00
5.000000000000E-01 -8.660254037840E-01 0.000000000000E+00
-8.660254037850E-01 -5.000000000000E-01 0.000000000000E+00
0.000000000000E+00 0.000000000000E+00 1.000000000000E+00
1.233862070683E+00 -2.137111795957E+00 0.000000000000E+00
5.000000000000E-01 8.660254037840E-01 0.000000000000E+00
8.660254037850E-01 -5.000000000000E-01 0.000000000000E+00
0.000000000000E+00 0.000000000000E+00 -1.000000000000E+00
3.700352349979E+00 2.139248907753E+00 5.211022800000E+00
1.000000000000E+00 -0.000000000000E+00 0.000000000000E+00
0.000000000000E+00 1.000000000000E+00 0.000000000000E+00
0.000000000000E+00 0.000000000000E+00 1.000000000000E+00
3.701586212050E+00 -2.137111795957E+00 0.000000000000E+00
-5.000000000000E-01 8.660254037840E-01 0.000000000000E+00
-8.660254037850E-01 -5.000000000000E-01 0.000000000000E+00
0.000000000000E+00 0.000000000000E+00 -1.000000000000E+00
4.932945149153E+00 -5.276537000000E-05 5.211022800000E+00
-5.000000000000E-01 -8.660254037840E-01 0.000000000000E+00
8.660254037850E-01 -5.000000000000E-01 0.000000000000E+00
0.000000000000E+00 0.000000000000E+00 1.000000000000E+00
2.467724141367E+00 4.274223591913E+00 0.000000000000E+00
1.000000000000E+00 -0.000000000000E+00 0.000000000000E+00
0.000000000000E+00 1.000000000000E+00 0.000000000000E+00
0.000000000000E+00 0.000000000000E+00 -1.000000000000E+00
3.701586212050E+00 -2.137111795957E+00 5.211022800000E+00
-5.000000000000E-01 8.660254037840E-01 0.000000000000E+00
-8.660254037850E-01 -5.000000000000E-01 0.000000000000E+00
0.000000000000E+00 0.000000000000E+00 1.000000000000E+00
4.932945149153E+00 -5.276537000000E-05 0.000000000000E+00
-5.000000000000E-01 -8.660254037840E-01 0.000000000000E+00
8.660254037850E-01 -5.000000000000E-01 0.000000000000E+00
0.000000000000E+00 0.000000000000E+00 -1.000000000000E+00
2.467724141367E+00 4.274223591913E+00 5.211022800000E+00
-1.000000000000E+00 0.000000000000E+00 0.000000000000E+00
-0.000000000000E+00 1.000000000000E+00 0.000000000000E+00
0.000000000000E+00 0.000000000000E+00 1.000000000000E+00
2.466457342526E+00 4.272029431959E+00 0.000000000000E+00
5.000000000000E-01 -8.660254037840E-01 0.000000000000E+00
-8.660254037850E-01 -5.000000000000E-01 0.000000000000E+00
0.000000000000E+00 0.000000000000E+00 -1.000000000000E+00
4.935448282733E+00 -0.000000000000E+00 5.211022800000E+00
5.000000000000E-01 8.660254037840E-01 0.000000000000E+00
8.660254037850E-01 -5.000000000000E-01 0.000000000000E+00
0.000000000000E+00 0.000000000000E+00 1.000000000000E+00
3.700349877310E+00 -2.134970401372E+00 0.000000000000E+00
-1.000000000000E+00 0.000000000000E+00 0.000000000000E+00
-0.000000000000E+00 1.000000000000E+00 0.000000000000E+00
0.000000000000E+00 0.000000000000E+00 -1.000000000000E+00
2.466457342526E+00 4.272029431959E+00 5.211022800000E+00
5.000000000000E-01 -8.660254037840E-01 0.000000000000E+00
-8.660254037850E-01 -5.000000000000E-01 0.000000000000E+00
0.000000000000E+00 0.000000000000E+00 1.000000000000E+00
4.935448282733E+00 -0.000000000000E+00 0.000000000000E+00
5.000000000000E-01 8.660254037840E-01 0.000000000000E+00
8.660254037850E-01 -5.000000000000E-01 0.000000000000E+00
0.000000000000E+00 0.000000000000E+00 -1.000000000000E+00
3.700349877310E+00 -2.134970401372E+00 5.211022800000E+00
15
6 -1.234283549137E+00 -3.561668351251E+00 2.606403729790E+00
6 4.223644510000E-04 -1.424555613510E+00 2.605471684213E+00
6 2.467302614877E+00 -1.424554066500E+00 2.604295386724E+00
6 4.224368370000E-04 -5.698778717156E+00 2.605367410320E+00
6 4.227943300000E-04 2.849668352201E+00 2.605705828094E+00
6 -1.234286455203E+00 7.125573117610E-01 2.606144023369E+00
6 1.233860968946E+00 -7.315355813150E-01 2.603768320686E+00
6 2.484493999186E+00 1.434135759456E+00 2.607057136422E+00
6 -1.677016552200E-02 -2.840086452088E+00 2.607148423786E+00
6 -1.217089519771E+00 3.571250538906E+00 2.604390879715E+00
6 -1.676879796300E-02 5.708363116442E+00 2.603600141846E+00
6 -2.467724613730E+00 1.405577241756E+00 2.604745839153E+00
6 -1.677339226600E-02 1.434137754452E+00 2.605697831277E+00
6 1.233863498646E+00 3.542686729569E+00 2.607125120715E+00
6 -1.217092183676E+00 -7.029744308110E-01 2.605749243888E+00
189 36